0 0.240625 0.436719 0.084375 0.067187
0 0.330469 0.446094 0.092188 0.070312
0 0.407031 0.347656 0.126562 0.064062
0 0.597656 0.275781 0.170313 0.104688
0 0.715625 0.381250 0.090625 0.050000
0 0.969531 0.393750 0.060937 0.062500
0 0.794531 0.460938 0.057813 0.046875
0 0.894531 0.460156 0.051562 0.035937
0 0.920312 0.408594 0.037500 0.039062
1 0.207813 0.614062 0.071875 0.196875
1 0.296875 0.664062 0.081250 0.212500
1 0.432031 0.643750 0.117188 0.290625
1 0.634375 0.664062 0.212500 0.359375
1 0.954688 0.680469 0.087500 0.310937
