0 0.233594 0.353125 0.139063 0.193750
0 0.164844 0.215625 0.054688 0.046875
0 0.218750 0.174219 0.040625 0.035937
0 0.260156 0.170313 0.032813 0.031250
0 0.310937 0.153906 0.028125 0.032813
0 0.411719 0.163281 0.035937 0.045312
0 0.596094 0.175781 0.042188 0.070312
0 0.678125 0.260156 0.046875 0.048438
0 0.853125 0.335156 0.068750 0.073438
0 0.934375 0.417969 0.103125 0.092188
1 0.164062 0.675781 0.218750 0.460938
1 0.500781 0.859375 0.204687 0.262500
1 0.431250 0.282031 0.065625 0.120313
1 0.277344 0.241406 0.054688 0.051562
1 0.562500 0.255469 0.028125 0.098437
1 0.546094 0.390625 0.057813 0.134375
1 0.478906 0.221094 0.035937 0.070312
1 0.841406 0.463281 0.070312 0.085938
1 0.943750 0.577344 0.093750 0.104688
